% -------------------------------------------------------------------
%  Generated by MATLAB on 9-Jul-2025 17:26:52
%  MATLAB version: 25.1.0.2943329 (R2025a)
% -------------------------------------------------------------------
                                                        

Sig = Simulink.Signal;
Sig.CoderInfo.StorageClass = 'Auto';
Sig.Description = '';
Sig.DataType = 'auto';
Sig.Min = [];
Sig.Max = [];
Sig.DocUnits = '';
Sig.Dimensions = -1;
Sig.DimensionsMode = 'auto';
Sig.Complexity = 'auto';
Sig.SampleTime = -1;
Sig.InitialValue = '';

Var = 0;

fc = 4.0E+9;

fs = 3.2E+10;

fsymbol = 5.0E+8;

ppm_spacings2_ps = [-51.8 33.2 115.3 201.3 293.8 377.9 462.9 544.9];

ppm_spacings_ps = [698 782 869 950 1045 1127 1210 1299];

up_fs = 1.024E+12;

